Exner function used for calculation DALES input
ps = 101749.265625 thls = 297.83690249309893 exnrs = 1.004970160519201
zf exnr
10.0 1.0072169889571634
30.12 1.0064484869694534
50.481440000000006 1.0056856150147577
71.08721728 1.0049291737319557
91.94026388736 1.0041696181399586
113.04354705400833 1.003404422816316
134.40006961865643 1.00263161464949
156.0128704540803 1.0018507685603437
177.88502489952924 1.0010618115221026
200.0196451983236 1.0002641303888034
222.41988094070348 0.9994574241596899
245.08891951199195 0.9986418015537393
268.0299865461359 0.9978167856120418
291.2463463846895 0.996982353286982
314.7413025413058 0.996138350674956
338.51819817180143 0.9952845763057993
362.58041654986306 0.9944209947786253
386.93138154846145 0.9935473581919865
411.574558127043 0.9926636639078967
436.5134528245675 0.9917696764383109
461.7516142584623 0.990865439158075
487.29263362956385 0.9899507408179173
513.1401452331187 0.9890256842002196
539.2978269759161 0.9880903448183808
565.769400899627 0.9871441022938975
592.5586337104226 0.9861885458120948
619.6693373149477 0.985221824758252
647.1053693627271 0.9842453326435248
674.8706337950798 0.9832588737454758
702.9690814006208 0.9822609041143284
731.4047103774283 0.9812556817654039
760.1815669019575 0.9802393408977333
789.3037457047809 0.9792128137023253
818.7753906532382 0.9781868587915101
848.6006953410772 0.977148977150214
878.7839036851701 0.9761047141693355
909.3293105293922 0.9750679084389362
940.2412622557449 0.97401907869446
971.5241574028139 0.9729639380825416
1003.1824472916476 0.9719196137269611
1035.2206366591474 0.9708631896858235
1067.643284299057 0.9697968815168759
1100.455003710646 0.9687558187704055
1133.6604637551736 0.9677026875792619
1167.2643893202358 0.9666373534465255
1201.2715619920784 0.9655454792932713
1235.6868207359835 0.964437215730858
1270.515062584815 0.9633161275541877
1305.7612433358331 0.9622135650836321
1341.4303782558632 0.9611438990221959
1377.5275427949334 0.9600618153318543
1414.0578733084726 0.9589671751764147
1451.0265677881744 0.957912470338125
1488.4388866016325 0.9568506927666699
1526.300153240852 0.9557765132596238
1564.615755079742 0.9546832424868167
1603.391144140699 0.9535609518928722
1642.6318378703872 0.9524256150356626
1682.343419924832 0.951277085630433
1722.53154096393 0.9501051105734707
1763.201919455497 0.9489107788276568
1804.360342488963 0.9477026188957729
1846.0126665988305 0.946480477116105
1888.1648185980166 0.9452593675262443
1930.8227964211928 0.944033124811776
1973.9926699782472 0.9427926691500659
2017.6805820179861 0.9415378422383182
2061.892749002202 0.9402766016972988
2106.6354619902286 0.9390030869024629
2151.915087534111 0.937714818264536
2197.738068584521 0.9364116316502664
2244.110925407535 0.9350815361776683
2291.040256512425 0.9337278639868674
2338.5327395905742 0.9323585686243269
2386.595132465661 0.9309734778112216
2435.2342740552494 0.9295389620828265
2484.4570853439122 0.9280623918040968
2534.2705703680394 0.9265688813169964
2584.681817212456 0.9250582465140635
2635.697999019005 0.9235062150543717
2687.326375007233 0.9219065894221402
2739.5742915073197 0.9202887089362467
2792.4491830054076 0.9186523777916862
2845.958573201473 0.9169864376585447
2900.1100760798904 0.915276432003519
2954.9113969928494 0.9135469980955098
3010.3703337567636 0.9117979298416085
3066.4947777618445 0.9100264334267443
3123.2927150949868 0.9082206559217485
3180.772227676127 0.9063944356310252
3238.94149440824 0.9045475576804063
3297.808792341139 0.9026798053839512
3357.3824978492325 0.9007916418966885
3417.6710878234235 0.8988824011863829
3478.683140877304 0.896951634073383
3540.427338567832 0.8949991166657711
3602.912466630646 0.8930283594877775
3666.147416230214 0.8910364116758382
3730.1411852249767 0.8890220788809405
3794.9028794476762 0.886985130300221
3860.4417140010487 0.8849351376844904
3926.7670145690613 0.8828679673977822
3993.8882187438903 0.8807776396330208
4061.8148773688167 0.8786639176168386
4130.556655897242 0.8765476254819233
4200.1233357680085 0.8744300572053695
4270.5248157972255 0.87228881653192
4341.771113586792 0.870123662757779
4413.872366949834 0.867947459497461
4486.838835353232 0.8657707088037778
4560.680901377471 0.8635696733890247
4635.409072194001 0.8613441076529605
4711.033981060329 0.8590856728322422
4787.566388833053 0.8567745559707864
4865.017185499049 0.8544378228166409
4943.397391725038 0.852075218948423
5022.7181604257385 0.8496707612574665
5102.990778350848 0.847137736933879
5184.226667691058 0.8445768986454742
5266.43738770335 0.841987977580906
5349.6346363557905 0.8393659797787818
5433.83025199206 0.8366320163663613
5519.036215015964 0.833868229971322
5605.264649596156 0.8310743379725846
5692.527825391309 0.828251836139726
5780.838159296006 0.8255061068897882
5870.208217207559 0.8227311354938945
5960.650715814049 0.8199260632579557
6052.178524403818 0.8170910567673243
6144.804666696664 0.8143955306673417
6238.542322697023 0.8116765703173344
6333.404830569388 0.8089280178247603
6429.405688536221 0.8061494611449994
6526.558556798655 0.8032529175913647
6624.877259480239 0.800322966609953
6724.375786594002 0.7973615002032876
6825.0682960331305 0.7943681201817712
6926.969115585529 0.7911695775824213
7030.092744972555 0.7879282482414193
7134.453857912225 0.784652515603362
7240.067304207173 0.7813420923463104
7346.94811185766 0.7779588356216233
7455.111489199951 0.774538652621491
7564.572827070351 0.7710824781837101
7675.347700995197 0.7675910250936886
7787.451873407139 0.7641289416877889
7900.901295888024 0.7606316294888527
8015.71211143868 0.7570977928256868
8131.900656775944 0.7535329193487953
8249.483464657256 0.7500054713933787
