BES (13.28N, -57.76E): 2020-02-02 00:00:00 to 2020-02-12 00:00:00
      z (m)         qr (kg kg-1)      nr (kg kg-1)    
+1.0000000000E+01 +0.0000000000E+00 +0.0000000000E+00 
+3.0120000000E+01 +0.0000000000E+00 +0.0000000000E+00 
+5.0481440000E+01 +0.0000000000E+00 +0.0000000000E+00 
+7.1087217280E+01 +0.0000000000E+00 +0.0000000000E+00 
+9.1940263887E+01 +0.0000000000E+00 +0.0000000000E+00 
+1.1304354705E+02 +0.0000000000E+00 +0.0000000000E+00 
+1.3440006962E+02 +0.0000000000E+00 +0.0000000000E+00 
+1.5601287045E+02 +0.0000000000E+00 +0.0000000000E+00 
+1.7788502490E+02 +0.0000000000E+00 +0.0000000000E+00 
+2.0001964520E+02 +0.0000000000E+00 +0.0000000000E+00 
+2.2241988094E+02 +0.0000000000E+00 +0.0000000000E+00 
+2.4508891951E+02 +0.0000000000E+00 +0.0000000000E+00 
+2.6802998655E+02 +0.0000000000E+00 +0.0000000000E+00 
+2.9124634638E+02 +0.0000000000E+00 +0.0000000000E+00 
+3.1474130254E+02 +0.0000000000E+00 +0.0000000000E+00 
+3.3851819817E+02 +0.0000000000E+00 +0.0000000000E+00 
+3.6258041655E+02 +0.0000000000E+00 +0.0000000000E+00 
+3.8693138155E+02 +0.0000000000E+00 +0.0000000000E+00 
+4.1157455813E+02 +0.0000000000E+00 +0.0000000000E+00 
+4.3651345282E+02 +0.0000000000E+00 +0.0000000000E+00 
+4.6175161426E+02 +0.0000000000E+00 +0.0000000000E+00 
+4.8729263363E+02 +0.0000000000E+00 +0.0000000000E+00 
+5.1314014523E+02 +0.0000000000E+00 +0.0000000000E+00 
+5.3929782698E+02 +0.0000000000E+00 +0.0000000000E+00 
+5.6576940090E+02 +0.0000000000E+00 +0.0000000000E+00 
+5.9255863371E+02 +0.0000000000E+00 +0.0000000000E+00 
+6.1966933731E+02 +0.0000000000E+00 +0.0000000000E+00 
+6.4710536936E+02 +0.0000000000E+00 +0.0000000000E+00 
+6.7487063380E+02 +0.0000000000E+00 +0.0000000000E+00 
+7.0296908140E+02 +0.0000000000E+00 +0.0000000000E+00 
+7.3140471038E+02 +0.0000000000E+00 +0.0000000000E+00 
+7.6018156690E+02 +0.0000000000E+00 +0.0000000000E+00 
+7.8930374570E+02 +0.0000000000E+00 +0.0000000000E+00 
+8.1877539065E+02 +0.0000000000E+00 +0.0000000000E+00 
+8.4860069534E+02 +0.0000000000E+00 +0.0000000000E+00 
+8.7878390369E+02 +0.0000000000E+00 +0.0000000000E+00 
+9.0932931053E+02 +0.0000000000E+00 +0.0000000000E+00 
+9.4024126226E+02 +0.0000000000E+00 +0.0000000000E+00 
+9.7152415740E+02 +0.0000000000E+00 +0.0000000000E+00 
+1.0031824473E+03 +0.0000000000E+00 +0.0000000000E+00 
+1.0352206367E+03 +0.0000000000E+00 +0.0000000000E+00 
+1.0676432843E+03 +0.0000000000E+00 +0.0000000000E+00 
+1.1004550037E+03 +0.0000000000E+00 +0.0000000000E+00 
+1.1336604638E+03 +0.0000000000E+00 +0.0000000000E+00 
+1.1672643893E+03 +0.0000000000E+00 +0.0000000000E+00 
+1.2012715620E+03 +0.0000000000E+00 +0.0000000000E+00 
+1.2356868207E+03 +0.0000000000E+00 +0.0000000000E+00 
+1.2705150626E+03 +0.0000000000E+00 +0.0000000000E+00 
+1.3057612433E+03 +0.0000000000E+00 +0.0000000000E+00 
+1.3414303783E+03 +0.0000000000E+00 +0.0000000000E+00 
+1.3775275428E+03 +0.0000000000E+00 +0.0000000000E+00 
+1.4140578733E+03 +0.0000000000E+00 +0.0000000000E+00 
+1.4510265678E+03 +0.0000000000E+00 +0.0000000000E+00 
+1.4884388866E+03 +0.0000000000E+00 +0.0000000000E+00 
+1.5263001532E+03 +0.0000000000E+00 +0.0000000000E+00 
+1.5646157551E+03 +0.0000000000E+00 +0.0000000000E+00 
+1.6033911441E+03 +0.0000000000E+00 +0.0000000000E+00 
+1.6426318379E+03 +0.0000000000E+00 +0.0000000000E+00 
+1.6823434199E+03 +0.0000000000E+00 +0.0000000000E+00 
+1.7225315410E+03 +0.0000000000E+00 +0.0000000000E+00 
+1.7632019195E+03 +0.0000000000E+00 +0.0000000000E+00 
+1.8043603425E+03 +0.0000000000E+00 +0.0000000000E+00 
+1.8460126666E+03 +0.0000000000E+00 +0.0000000000E+00 
+1.8881648186E+03 +0.0000000000E+00 +0.0000000000E+00 
+1.9308227964E+03 +0.0000000000E+00 +0.0000000000E+00 
+1.9739926700E+03 +0.0000000000E+00 +0.0000000000E+00 
+2.0176805820E+03 +0.0000000000E+00 +0.0000000000E+00 
+2.0618927490E+03 +0.0000000000E+00 +0.0000000000E+00 
+2.1066354620E+03 +0.0000000000E+00 +0.0000000000E+00 
+2.1519150875E+03 +0.0000000000E+00 +0.0000000000E+00 
+2.1977380686E+03 +0.0000000000E+00 +0.0000000000E+00 
+2.2441109254E+03 +0.0000000000E+00 +0.0000000000E+00 
+2.2910402565E+03 +0.0000000000E+00 +0.0000000000E+00 
+2.3385327396E+03 +0.0000000000E+00 +0.0000000000E+00 
+2.3865951325E+03 +0.0000000000E+00 +0.0000000000E+00 
+2.4352342741E+03 +0.0000000000E+00 +0.0000000000E+00 
+2.4844570853E+03 +0.0000000000E+00 +0.0000000000E+00 
+2.5342705704E+03 +0.0000000000E+00 +0.0000000000E+00 
+2.5846818172E+03 +0.0000000000E+00 +0.0000000000E+00 
+2.6356979990E+03 +0.0000000000E+00 +0.0000000000E+00 
+2.6873263750E+03 +0.0000000000E+00 +0.0000000000E+00 
+2.7395742915E+03 +0.0000000000E+00 +0.0000000000E+00 
+2.7924491830E+03 +0.0000000000E+00 +0.0000000000E+00 
+2.8459585732E+03 +0.0000000000E+00 +0.0000000000E+00 
+2.9001100761E+03 +0.0000000000E+00 +0.0000000000E+00 
+2.9549113970E+03 +0.0000000000E+00 +0.0000000000E+00 
+3.0103703338E+03 +0.0000000000E+00 +0.0000000000E+00 
+3.0664947778E+03 +0.0000000000E+00 +0.0000000000E+00 
+3.1232927151E+03 +0.0000000000E+00 +0.0000000000E+00 
+3.1807722277E+03 +0.0000000000E+00 +0.0000000000E+00 
+3.2389414944E+03 +0.0000000000E+00 +0.0000000000E+00 
+3.2978087923E+03 +0.0000000000E+00 +0.0000000000E+00 
+3.3573824978E+03 +0.0000000000E+00 +0.0000000000E+00 
+3.4176710878E+03 +0.0000000000E+00 +0.0000000000E+00 
+3.4786831409E+03 +0.0000000000E+00 +0.0000000000E+00 
+3.5404273386E+03 +0.0000000000E+00 +0.0000000000E+00 
+3.6029124666E+03 +0.0000000000E+00 +0.0000000000E+00 
+3.6661474162E+03 +0.0000000000E+00 +0.0000000000E+00 
+3.7301411852E+03 +0.0000000000E+00 +0.0000000000E+00 
+3.7949028794E+03 +0.0000000000E+00 +0.0000000000E+00 
+3.8604417140E+03 +0.0000000000E+00 +0.0000000000E+00 
+3.9267670146E+03 +0.0000000000E+00 +0.0000000000E+00 
+3.9938882187E+03 +0.0000000000E+00 +0.0000000000E+00 
+4.0618148774E+03 +0.0000000000E+00 +0.0000000000E+00 
+4.1305566559E+03 +0.0000000000E+00 +0.0000000000E+00 
+4.2001233358E+03 +0.0000000000E+00 +0.0000000000E+00 
+4.2705248158E+03 +0.0000000000E+00 +0.0000000000E+00 
+4.3417711136E+03 +0.0000000000E+00 +0.0000000000E+00 
+4.4138723669E+03 +0.0000000000E+00 +0.0000000000E+00 
+4.4868388354E+03 +0.0000000000E+00 +0.0000000000E+00 
+4.5606809014E+03 +0.0000000000E+00 +0.0000000000E+00 
+4.6354090722E+03 +0.0000000000E+00 +0.0000000000E+00 
+4.7110339811E+03 +0.0000000000E+00 +0.0000000000E+00 
+4.7875663888E+03 +0.0000000000E+00 +0.0000000000E+00 
+4.8650171855E+03 +0.0000000000E+00 +0.0000000000E+00 
+4.9433973917E+03 +0.0000000000E+00 +0.0000000000E+00 
+5.0227181604E+03 +0.0000000000E+00 +0.0000000000E+00 
+5.1029907784E+03 +0.0000000000E+00 +0.0000000000E+00 
+5.1842266677E+03 +0.0000000000E+00 +0.0000000000E+00 
+5.2664373877E+03 +0.0000000000E+00 +0.0000000000E+00 
+5.3496346364E+03 +0.0000000000E+00 +0.0000000000E+00 
+5.4338302520E+03 +0.0000000000E+00 +0.0000000000E+00 
+5.5190362150E+03 +0.0000000000E+00 +0.0000000000E+00 
+5.6052646496E+03 +0.0000000000E+00 +0.0000000000E+00 
+5.6925278254E+03 +0.0000000000E+00 +0.0000000000E+00 
+5.7808381593E+03 +0.0000000000E+00 +0.0000000000E+00 
+5.8702082172E+03 +0.0000000000E+00 +0.0000000000E+00 
+5.9606507158E+03 +0.0000000000E+00 +0.0000000000E+00 
+6.0521785244E+03 +0.0000000000E+00 +0.0000000000E+00 
+6.1448046667E+03 +0.0000000000E+00 +0.0000000000E+00 
+6.2385423227E+03 +0.0000000000E+00 +0.0000000000E+00 
+6.3334048306E+03 +0.0000000000E+00 +0.0000000000E+00 
+6.4294056885E+03 +0.0000000000E+00 +0.0000000000E+00 
+6.5265585568E+03 +0.0000000000E+00 +0.0000000000E+00 
+6.6248772595E+03 +0.0000000000E+00 +0.0000000000E+00 
+6.7243757866E+03 +0.0000000000E+00 +0.0000000000E+00 
+6.8250682960E+03 +0.0000000000E+00 +0.0000000000E+00 
+6.9269691156E+03 +0.0000000000E+00 +0.0000000000E+00 
+7.0300927450E+03 +0.0000000000E+00 +0.0000000000E+00 
+7.1344538579E+03 +0.0000000000E+00 +0.0000000000E+00 
+7.2400673042E+03 +0.0000000000E+00 +0.0000000000E+00 
+7.3469481119E+03 +0.0000000000E+00 +0.0000000000E+00 
+7.4551114892E+03 +0.0000000000E+00 +0.0000000000E+00 
+7.5645728271E+03 +0.0000000000E+00 +0.0000000000E+00 
+7.6753477010E+03 +0.0000000000E+00 +0.0000000000E+00 
+7.7874518734E+03 +0.0000000000E+00 +0.0000000000E+00 
+7.9009012959E+03 +0.0000000000E+00 +0.0000000000E+00 
+8.0157121114E+03 +0.0000000000E+00 +0.0000000000E+00 
+8.1319006568E+03 +0.0000000000E+00 +0.0000000000E+00 
+8.2494834647E+03 +0.0000000000E+00 +0.0000000000E+00 
