 1   0.0000000000000000        0.0000000000000000     
 2   2000.0000000000000        0.0000000000000000     
 3   4000.2128731900002        0.0000000000000000     
 4   6002.0966211300001        0.0000000000000000     
 5   7911.2583857700001        9.5467999999999996E-004
 6   9633.0104941699992        3.8257000000000000E-003
 7   11169.371462370000        8.6232700000000006E-003
 8   12522.577539780001        1.5357819999999999E-002
 9   13695.001496529998        2.4040460000000000E-002
10   14689.115469980001        3.4683140000000001E-002
11   15507.490528230002        4.7298390000000003E-002
12   16154.696977320000        6.1951020000000002E-002
13   16632.124712080000        7.8681870000000001E-002
14   16940.149499600000        9.7443249999999995E-002
15   17082.348698160000       0.11815586000000000     
16   17065.281640990001       0.14071098000000001     
17   16898.183677969999       0.16497348000000001     
18   16592.589395710002       0.19078554000000000     
19   16161.903958780000       0.21797085999999999     
20   15620.943405500000       0.24633925000000001     
21   14985.465023620000       0.27569118999999997     
22   14271.707730510001       0.30582243999999997     
23   13495.959943719998       0.33652824999999997     
24   12674.169099100000       0.36760725999999999     
25   11821.603148590000       0.39886479000000002     
26   10952.570426200000       0.43011564000000002     
27   10080.200537630000       0.46118624000000003     
28   9216.2856540299999       0.49191624000000000     
29   8371.1789303900005       0.52215946000000002     
30   7553.7447960700001       0.55178442999999999     
31   6771.3545739700003       0.58067442000000002     
32   6029.9202169099999       0.60872709000000003     
33   5333.9588083600001       0.63585387999999998     
34   4686.6807480400003       0.66197910999999998     
35   4090.0951134599995       0.68703897999999997     
36   3545.1264510999999       0.71098035999999998     
37   3051.7381126400001       0.73375964000000005     
38   2609.0581393600000       0.75534142999999998     
39   2215.5045576600000       0.77569737000000005     
40   1868.9077422299999       0.79480485999999995     
41   1566.6282106000001       0.81264597999999999     
42   1305.6688207300001       0.82920632999999999     
43   1081.8550330600001       0.84453999999999996     
44   890.47596795000015       0.85875504999999996     
45   727.74548529000003       0.87191801999999996     
46   590.17748096000003       0.88409276000000003     
47   474.58767979999999       0.89534044999999995     
48   378.08857613999999       0.90571964999999999     
49   298.07947335000000       0.91528642999999998     
50   232.23312781000001       0.92409452000000003     
51   178.48015386000000       0.93219549000000002     
52   134.99207440000001       0.93963894999999997     
53   100.16369201000001       0.94647276999999996     
54   72.595294820000007       0.95274327999999997     
55   51.075089669999997       0.95849551000000000     
56   34.562164899999999       0.96377340000000000     
57   22.170220459999999       0.96862007999999999     
58   13.152259639999999       0.97307803000000004     
59   6.8864131000000004       0.97718943999999996     
60   2.8630614099999998       0.98099639999999999     
61   0.67344356000000005      0.98454132000000005     
62   0.0000000000000000       0.98786726999999996     
63   0.0000000000000000       0.99102462000000002     
64   0.0000000000000000       0.99406510000000003     
65   0.0000000000000000       0.99703923000000005     
66   0.0000000000000000        1.0000000000000000
