 #baseprofiles
 #height rhobf
   10.0  0.11831929512183399E+01
   30.1  0.11809928282505626E+01
   50.5  0.11787694920213598E+01
   71.1  0.11765227376865439E+01
   91.9  0.11742523596066481E+01
  113.0  0.11719581513733464E+01
  134.4  0.11696399058369551E+01
  156.0  0.11672974151349429E+01
  177.9  0.11649304707215837E+01
  200.0  0.11625388633986711E+01
  222.4  0.11601223833474275E+01
  245.1  0.11576808201615201E+01
  268.0  0.11552139628813356E+01
  291.2  0.11527216000294029E+01
  314.7  0.11502035196471490E+01
  338.5  0.11476595093328377E+01
  362.6  0.11450893562808859E+01
  386.9  0.11424928473224876E+01
  411.6  0.11398697689675861E+01
  436.5  0.11372199074482685E+01
  461.8  0.11345430487635650E+01
  487.3  0.11318389787256999E+01
  513.1  0.11291074830078383E+01
  539.3  0.11263483471933420E+01
  565.8  0.11235613568265708E+01
  592.6  0.11207462974652842E+01
  619.7  0.11179029547346169E+01
  647.1  0.11150311143827349E+01
  674.9  0.11121305623381770E+01
  703.0  0.11092010847688516E+01
  731.4  0.11062424681428664E+01
  760.2  0.11032544992910660E+01
  789.3  0.11002369654714264E+01
  818.8  0.10971896544352893E+01
  848.6  0.10941123544955036E+01
  878.8  0.10910048545964310E+01
  909.3  0.10878669443859974E+01
  940.2  0.10846984142896803E+01
  971.5  0.10814990555865489E+01
 1003.2  0.10782686604873666E+01
 1035.2  0.10750070222148185E+01
 1067.6  0.10717139350858744E+01
 1100.5  0.10683891945963193E+01
 1133.7  0.10650325975075368E+01
 1167.3  0.10616439419355268E+01
 1201.3  0.10582230274422380E+01
 1235.7  0.10547696551292249E+01
 1270.5  0.10512836277336732E+01
 1305.8  0.10477647497268809E+01
 1341.4  0.10442128274151181E+01
 1377.5  0.10406276690430709E+01
 1414.1  0.10370090848997184E+01
 1451.0  0.10333568874268511E+01
 1488.4  0.10296708913301762E+01
 1526.3  0.10259509136930534E+01
 1564.6  0.10221967740929214E+01
 1603.4  0.10184082947204607E+01
 1642.6  0.10145853005015064E+01
 1682.3  0.10107276192217731E+01
 1722.5  0.10068350816543767E+01
 1763.2  0.10029075216902736E+01
 1804.4  0.99894477647160052E+00
 1846.0  0.99494668652791873E+00
 1888.2  0.99091309591551058E+00
 1930.8  0.98684385235962790E+00
 1974.0  0.98273880739982267E+00
 2017.7  0.97859781653835687E+00
 2061.9  0.97442073939173035E+00
 2106.6  0.97020743984533375E+00
 2151.9  0.96595778621133965E+00
 2197.7  0.96167165138973354E+00
 2244.1  0.95734891303263392E+00
 2291.0  0.95298945371185506E+00
 2338.5  0.94859316108976877E+00
 2386.6  0.94415992809348792E+00
 2435.2  0.93968965309239583E+00
 2484.5  0.93518224007902340E+00
 2534.3  0.93063759885332720E+00
 2584.7  0.92605564521035488E+00
 2635.7  0.92143630113137454E+00
 2687.3  0.91677949497836553E+00
 2739.6  0.91208516169202491E+00
 2792.4  0.90735324299320053E+00
 2846.0  0.90258368758780649E+00
 2900.1  0.89777645137519069E+00
 2954.9  0.89293149766000690E+00
 3010.4  0.88804879736753850E+00
 3066.5  0.88312832926251583E+00
 3123.3  0.87817008017138254E+00
 3180.8  0.87317404520805442E+00
 3238.9  0.86814022800308788E+00
 3297.8  0.86306864093630831E+00
 3357.4  0.85795930537284049E+00
 3417.7  0.85281225190253029E+00
 3478.7  0.84762752058272350E+00
 3540.4  0.84240516118439024E+00
 3602.9  0.83714523344153169E+00
 3666.1  0.83184780730384111E+00
 3730.1  0.82651296319255740E+00
 3794.9  0.82114079225951897E+00
 3860.4  0.81573139664927408E+00
 3926.8  0.81028488976423374E+00
 3993.9  0.80480139653282168E+00
 4061.8  0.79928105368049729E+00
 4130.6  0.79372401000358839E+00
 4200.1  0.78813042664588162E+00
 4270.5  0.78250047737781125E+00
 4341.8  0.77683434887820890E+00
 4413.9  0.77113224101846323E+00
 4486.8  0.76539436714899267E+00
 4560.7  0.75962095438790411E+00
 4635.4  0.75381224391169399E+00
 4711.0  0.74796849124786435E+00
 4787.6  0.74208996656930859E+00
 4865.0  0.73617695499026847E+00
 4943.4  0.73022975686375158E+00
 5022.7  0.72424868808017251E+00
 5103.0  0.71823408036707881E+00
 5184.2  0.71218628158970032E+00
 5266.4  0.70610565605218545E+00
 5349.6  0.69999258479922977E+00
 5433.8  0.69384746591790636E+00
 5519.0  0.68767071483941877E+00
 5605.3  0.68146276464056621E+00
 5692.5  0.67522406634456344E+00
 5780.8  0.66895508922103386E+00
 5870.2  0.66265632108476358E+00
 5960.7  0.65632826859299120E+00
 6052.2  0.64997145754086583E+00
 6144.8  0.64358643315469111E+00
 6238.5  0.63717376038267570E+00
 6333.4  0.63073402418274127E+00
 6429.4  0.62426782980702233E+00
 6526.6  0.61777580308263857E+00
 6624.9  0.61125859068831023E+00
 6724.4  0.60471686042639539E+00
 6825.1  0.59815130148981355E+00
 6927.0  0.59156262472346088E+00
 7030.1  0.58495156287954053E+00
 7134.5  0.57831887086631151E+00
 7240.1  0.57166532598971465E+00
 7346.9  0.56499172818730781E+00
 7455.1  0.55829890025389117E+00
 7564.6  0.55158768805828273E+00
 7675.3  0.54485896075052487E+00
 7787.5  0.53811361095894084E+00
 7900.9  0.53135255497632861E+00
 8015.7  0.52457673293458451E+00
 8131.9  0.51778710896706348E+00
 8249.5  0.51098467135788639E+00
