# Large scale forcing input 16/02/2023
# height ug vg wfls dqtdxls dqtdyls dqtdtls dthlrad 
10.0 0.0 0.0 0.0 0.0 0.0 0.0 0.0 
30.12 0.0 0.0 0.0 0.0 0.0 0.0 0.0 
50.481440000000006 0.0 0.0 0.0 0.0 0.0 0.0 0.0 
71.08721728 0.0 0.0 0.0 0.0 0.0 0.0 0.0 
91.94026388736 0.0 0.0 0.0 0.0 0.0 0.0 0.0 
113.04354705400833 0.0 0.0 0.0 0.0 0.0 0.0 0.0 
134.40006961865643 0.0 0.0 0.0 0.0 0.0 0.0 0.0 
156.0128704540803 0.0 0.0 0.0 0.0 0.0 0.0 0.0 
177.88502489952924 0.0 0.0 0.0 0.0 0.0 0.0 0.0 
200.0196451983236 0.0 0.0 0.0 0.0 0.0 0.0 0.0 
222.41988094070348 0.0 0.0 0.0 0.0 0.0 0.0 0.0 
245.08891951199195 0.0 0.0 0.0 0.0 0.0 0.0 0.0 
268.0299865461359 0.0 0.0 0.0 0.0 0.0 0.0 0.0 
291.2463463846895 0.0 0.0 0.0 0.0 0.0 0.0 0.0 
314.7413025413058 0.0 0.0 0.0 0.0 0.0 0.0 0.0 
338.51819817180143 0.0 0.0 0.0 0.0 0.0 0.0 0.0 
362.58041654986306 0.0 0.0 0.0 0.0 0.0 0.0 0.0 
386.93138154846145 0.0 0.0 0.0 0.0 0.0 0.0 0.0 
411.574558127043 0.0 0.0 0.0 0.0 0.0 0.0 0.0 
436.5134528245675 0.0 0.0 0.0 0.0 0.0 0.0 0.0 
461.7516142584623 0.0 0.0 0.0 0.0 0.0 0.0 0.0 
487.29263362956385 0.0 0.0 0.0 0.0 0.0 0.0 0.0 
513.1401452331187 0.0 0.0 0.0 0.0 0.0 0.0 0.0 
539.2978269759161 0.0 0.0 0.0 0.0 0.0 0.0 0.0 
565.769400899627 0.0 0.0 0.0 0.0 0.0 0.0 0.0 
592.5586337104226 0.0 0.0 0.0 0.0 0.0 0.0 0.0 
619.6693373149477 0.0 0.0 0.0 0.0 0.0 0.0 0.0 
647.1053693627271 0.0 0.0 0.0 0.0 0.0 0.0 0.0 
674.8706337950798 0.0 0.0 0.0 0.0 0.0 0.0 0.0 
702.9690814006208 0.0 0.0 0.0 0.0 0.0 0.0 0.0 
731.4047103774283 0.0 0.0 0.0 0.0 0.0 0.0 0.0 
760.1815669019575 0.0 0.0 0.0 0.0 0.0 0.0 0.0 
789.3037457047809 0.0 0.0 0.0 0.0 0.0 0.0 0.0 
818.7753906532382 0.0 0.0 0.0 0.0 0.0 0.0 0.0 
848.6006953410772 0.0 0.0 0.0 0.0 0.0 0.0 0.0 
878.7839036851701 0.0 0.0 0.0 0.0 0.0 0.0 0.0 
909.3293105293922 0.0 0.0 0.0 0.0 0.0 0.0 0.0 
940.2412622557449 0.0 0.0 0.0 0.0 0.0 0.0 0.0 
971.5241574028139 0.0 0.0 0.0 0.0 0.0 0.0 0.0 
1003.1824472916476 0.0 0.0 0.0 0.0 0.0 0.0 0.0 
1035.2206366591474 0.0 0.0 0.0 0.0 0.0 0.0 0.0 
1067.643284299057 0.0 0.0 0.0 0.0 0.0 0.0 0.0 
1100.455003710646 0.0 0.0 0.0 0.0 0.0 0.0 0.0 
1133.6604637551736 0.0 0.0 0.0 0.0 0.0 0.0 0.0 
1167.2643893202358 0.0 0.0 0.0 0.0 0.0 0.0 0.0 
1201.2715619920784 0.0 0.0 0.0 0.0 0.0 0.0 0.0 
1235.6868207359835 0.0 0.0 0.0 0.0 0.0 0.0 0.0 
1270.515062584815 0.0 0.0 0.0 0.0 0.0 0.0 0.0 
1305.7612433358331 0.0 0.0 0.0 0.0 0.0 0.0 0.0 
1341.4303782558632 0.0 0.0 0.0 0.0 0.0 0.0 0.0 
1377.5275427949334 0.0 0.0 0.0 0.0 0.0 0.0 0.0 
1414.0578733084726 0.0 0.0 0.0 0.0 0.0 0.0 0.0 
1451.0265677881744 0.0 0.0 0.0 0.0 0.0 0.0 0.0 
1488.4388866016325 0.0 0.0 0.0 0.0 0.0 0.0 0.0 
1526.300153240852 0.0 0.0 0.0 0.0 0.0 0.0 0.0 
1564.615755079742 0.0 0.0 0.0 0.0 0.0 0.0 0.0 
1603.391144140699 0.0 0.0 0.0 0.0 0.0 0.0 0.0 
1642.6318378703872 0.0 0.0 0.0 0.0 0.0 0.0 0.0 
1682.343419924832 0.0 0.0 0.0 0.0 0.0 0.0 0.0 
1722.53154096393 0.0 0.0 0.0 0.0 0.0 0.0 0.0 
1763.201919455497 0.0 0.0 0.0 0.0 0.0 0.0 0.0 
1804.360342488963 0.0 0.0 0.0 0.0 0.0 0.0 0.0 
1846.0126665988305 0.0 0.0 0.0 0.0 0.0 0.0 0.0 
1888.1648185980166 0.0 0.0 0.0 0.0 0.0 0.0 0.0 
1930.8227964211928 0.0 0.0 0.0 0.0 0.0 0.0 0.0 
1973.9926699782472 0.0 0.0 0.0 0.0 0.0 0.0 0.0 
2017.6805820179861 0.0 0.0 0.0 0.0 0.0 0.0 0.0 
2061.892749002202 0.0 0.0 0.0 0.0 0.0 0.0 0.0 
2106.6354619902286 0.0 0.0 0.0 0.0 0.0 0.0 0.0 
2151.915087534111 0.0 0.0 0.0 0.0 0.0 0.0 0.0 
2197.738068584521 0.0 0.0 0.0 0.0 0.0 0.0 0.0 
2244.110925407535 0.0 0.0 0.0 0.0 0.0 0.0 0.0 
2291.040256512425 0.0 0.0 0.0 0.0 0.0 0.0 0.0 
2338.5327395905742 0.0 0.0 0.0 0.0 0.0 0.0 0.0 
2386.595132465661 0.0 0.0 0.0 0.0 0.0 0.0 0.0 
2435.2342740552494 0.0 0.0 0.0 0.0 0.0 0.0 0.0 
2484.4570853439122 0.0 0.0 0.0 0.0 0.0 0.0 0.0 
2534.2705703680394 0.0 0.0 0.0 0.0 0.0 0.0 0.0 
2584.681817212456 0.0 0.0 0.0 0.0 0.0 0.0 0.0 
2635.697999019005 0.0 0.0 0.0 0.0 0.0 0.0 0.0 
2687.326375007233 0.0 0.0 0.0 0.0 0.0 0.0 0.0 
2739.5742915073197 0.0 0.0 0.0 0.0 0.0 0.0 0.0 
2792.4491830054076 0.0 0.0 0.0 0.0 0.0 0.0 0.0 
2845.958573201473 0.0 0.0 0.0 0.0 0.0 0.0 0.0 
2900.1100760798904 0.0 0.0 0.0 0.0 0.0 0.0 0.0 
2954.9113969928494 0.0 0.0 0.0 0.0 0.0 0.0 0.0 
3010.3703337567636 0.0 0.0 0.0 0.0 0.0 0.0 0.0 
3066.4947777618445 0.0 0.0 0.0 0.0 0.0 0.0 0.0 
3123.2927150949868 0.0 0.0 0.0 0.0 0.0 0.0 0.0 
3180.772227676127 0.0 0.0 0.0 0.0 0.0 0.0 0.0 
3238.94149440824 0.0 0.0 0.0 0.0 0.0 0.0 0.0 
3297.808792341139 0.0 0.0 0.0 0.0 0.0 0.0 0.0 
3357.3824978492325 0.0 0.0 0.0 0.0 0.0 0.0 0.0 
3417.6710878234235 0.0 0.0 0.0 0.0 0.0 0.0 0.0 
3478.683140877304 0.0 0.0 0.0 0.0 0.0 0.0 0.0 
3540.427338567832 0.0 0.0 0.0 0.0 0.0 0.0 0.0 
3602.912466630646 0.0 0.0 0.0 0.0 0.0 0.0 0.0 
3666.147416230214 0.0 0.0 0.0 0.0 0.0 0.0 0.0 
3730.1411852249767 0.0 0.0 0.0 0.0 0.0 0.0 0.0 
3794.9028794476762 0.0 0.0 0.0 0.0 0.0 0.0 0.0 
3860.4417140010487 0.0 0.0 0.0 0.0 0.0 0.0 0.0 
3926.7670145690613 0.0 0.0 0.0 0.0 0.0 0.0 0.0 
3993.8882187438903 0.0 0.0 0.0 0.0 0.0 0.0 0.0 
4061.8148773688167 0.0 0.0 0.0 0.0 0.0 0.0 0.0 
4130.556655897242 0.0 0.0 0.0 0.0 0.0 0.0 0.0 
4200.1233357680085 0.0 0.0 0.0 0.0 0.0 0.0 0.0 
4270.5248157972255 0.0 0.0 0.0 0.0 0.0 0.0 0.0 
4341.771113586792 0.0 0.0 0.0 0.0 0.0 0.0 0.0 
4413.872366949834 0.0 0.0 0.0 0.0 0.0 0.0 0.0 
4486.838835353232 0.0 0.0 0.0 0.0 0.0 0.0 0.0 
4560.680901377471 0.0 0.0 0.0 0.0 0.0 0.0 0.0 
4635.409072194001 0.0 0.0 0.0 0.0 0.0 0.0 0.0 
4711.033981060329 0.0 0.0 0.0 0.0 0.0 0.0 0.0 
4787.566388833053 0.0 0.0 0.0 0.0 0.0 0.0 0.0 
4865.017185499049 0.0 0.0 0.0 0.0 0.0 0.0 0.0 
4943.397391725038 0.0 0.0 0.0 0.0 0.0 0.0 0.0 
5022.7181604257385 0.0 0.0 0.0 0.0 0.0 0.0 0.0 
5102.990778350848 0.0 0.0 0.0 0.0 0.0 0.0 0.0 
5184.226667691058 0.0 0.0 0.0 0.0 0.0 0.0 0.0 
5266.43738770335 0.0 0.0 0.0 0.0 0.0 0.0 0.0 
5349.6346363557905 0.0 0.0 0.0 0.0 0.0 0.0 0.0 
5433.83025199206 0.0 0.0 0.0 0.0 0.0 0.0 0.0 
5519.036215015964 0.0 0.0 0.0 0.0 0.0 0.0 0.0 
5605.264649596156 0.0 0.0 0.0 0.0 0.0 0.0 0.0 
5692.527825391309 0.0 0.0 0.0 0.0 0.0 0.0 0.0 
5780.838159296006 0.0 0.0 0.0 0.0 0.0 0.0 0.0 
5870.208217207559 0.0 0.0 0.0 0.0 0.0 0.0 0.0 
5960.650715814049 0.0 0.0 0.0 0.0 0.0 0.0 0.0 
6052.178524403818 0.0 0.0 0.0 0.0 0.0 0.0 0.0 
6144.804666696664 0.0 0.0 0.0 0.0 0.0 0.0 0.0 
6238.542322697023 0.0 0.0 0.0 0.0 0.0 0.0 0.0 
6333.404830569388 0.0 0.0 0.0 0.0 0.0 0.0 0.0 
6429.405688536221 0.0 0.0 0.0 0.0 0.0 0.0 0.0 
6526.558556798655 0.0 0.0 0.0 0.0 0.0 0.0 0.0 
6624.877259480239 0.0 0.0 0.0 0.0 0.0 0.0 0.0 
6724.375786594002 0.0 0.0 0.0 0.0 0.0 0.0 0.0 
6825.0682960331305 0.0 0.0 0.0 0.0 0.0 0.0 0.0 
6926.969115585529 0.0 0.0 0.0 0.0 0.0 0.0 0.0 
7030.092744972555 0.0 0.0 0.0 0.0 0.0 0.0 0.0 
7134.453857912225 0.0 0.0 0.0 0.0 0.0 0.0 0.0 
7240.067304207173 0.0 0.0 0.0 0.0 0.0 0.0 0.0 
7346.94811185766 0.0 0.0 0.0 0.0 0.0 0.0 0.0 
7455.111489199951 0.0 0.0 0.0 0.0 0.0 0.0 0.0 
7564.572827070351 0.0 0.0 0.0 0.0 0.0 0.0 0.0 
7675.347700995197 0.0 0.0 0.0 0.0 0.0 0.0 0.0 
7787.451873407139 0.0 0.0 0.0 0.0 0.0 0.0 0.0 
7900.901295888024 0.0 0.0 0.0 0.0 0.0 0.0 0.0 
8015.71211143868 0.0 0.0 0.0 0.0 0.0 0.0 0.0 
8131.900656775944 0.0 0.0 0.0 0.0 0.0 0.0 0.0 
8249.483464657256 0.0 0.0 0.0 0.0 0.0 0.0 0.0 
