# Initial profiles 16/02/2023
# zf thl qt u v tke 
10.0 297.13836669921875 0.014627418480813503 -5.7149977684021 -2.2871005535125732 0.09999999403953552 
30.12 297.1747741699219 0.014348845928907394 -7.697737693786621 -3.073546886444092 0.09999999403953552 
50.481440000000006 297.19183349609375 0.014237646013498306 -7.8675408363342285 -3.134385824203491 0.09999999403953552 
71.08721728 297.2109375 0.014178034849464893 -7.9544596672058105 -3.1629483699798584 0.09999999403953552 
91.94026388736 297.2309875488281 0.014137569814920425 -8.01146411895752 -3.1799583435058594 0.09999999403953552 
113.04354705400833 297.2515869140625 0.014108012430369854 -8.05101203918457 -3.190229654312134 0.09999999403953552 
134.40006961865643 297.2725830078125 0.014082898385822773 -8.083342552185059 -3.197683811187744 0.09999999403953552 
156.0128704540803 297.29400634765625 0.014061104506254196 -8.110219955444336 -3.202993154525757 0.09999999403953552 
177.88502489952924 297.3157043457031 0.014042732305824757 -8.131394386291504 -3.206050157546997 0.09999999403953552 
200.0196451983236 297.3377380371094 0.014025974087417126 -8.149752616882324 -3.2079408168792725 0.09999999403953552 
222.41988094070348 297.3600158691406 0.014010162092745304 -8.16639518737793 -3.209094762802124 0.09999999403953552 
245.08891951199195 297.3827209472656 0.013995971530675888 -8.180073738098145 -3.2089805603027344 0.09999999403953552 
268.0299865461359 297.4056701660156 0.013982154428958893 -8.192901611328125 -3.2084288597106934 0.09999999403953552 
291.2463463846895 297.4288635253906 0.013968967832624912 -8.204379081726074 -3.207231044769287 0.09999999403953552 
314.7413025413058 297.4524230957031 0.01395618449896574 -8.214800834655762 -3.205453872680664 0.09999999403953552 
338.51819817180143 297.4762268066406 0.013943570666015148 -8.224658012390137 -3.203331470489502 0.09999999403953552 
362.58041654986306 297.5004577636719 0.01393116358667612 -8.233583450317383 -3.2006049156188965 0.09999999403953552 
386.93138154846145 297.5249328613281 0.013918723911046982 -8.242269515991211 -3.197658061981201 0.09999999403953552 
411.574558127043 297.54974365234375 0.013906187377870083 -8.250344276428223 -3.194141149520874 0.09999999403953552 
436.5134528245675 297.574951171875 0.013893517665565014 -8.258281707763672 -3.190411329269409 0.09999999403953552 
461.7516142584623 297.6004333496094 0.013880462385714054 -8.265974998474121 -3.1861889362335205 0.09999999403953552 
487.29263362956385 297.62628173828125 0.013867116533219814 -8.273563385009766 -3.1816627979278564 0.09999999403953552 
513.1401452331187 297.6524353027344 0.013853232376277447 -8.281219482421875 -3.1768195629119873 0.09999999403953552 
539.2978269759161 297.6789855957031 0.013838605023920536 -8.28892707824707 -3.1715128421783447 0.09999999403953552 
565.769400899627 297.705810546875 0.013823756016790867 -8.29674243927002 -3.1661272048950195 0.09999999403953552 
592.5586337104226 297.7329406738281 0.013806563802063465 -8.30539608001709 -3.1599438190460205 0.09999999403953552 
619.6693373149477 297.7603759765625 0.013789165765047073 -8.314152717590332 -3.1536865234375 0.09999999403953552 
647.1053693627271 297.7880554199219 0.013768922537565231 -8.324077606201172 -3.1467998027801514 0.09999999403953552 
674.8706337950798 297.8161926269531 0.0137459896504879 -8.335112571716309 -3.139313220977783 0.09999999403953552 
702.9690814006208 297.8446044921875 0.013722781091928482 -8.346280097961426 -3.131736993789673 0.09999999403953552 
731.4047103774283 297.8744201660156 0.01368796732276678 -8.363118171691895 -3.122070074081421 0.09999999403953552 
760.1815669019575 297.9047546386719 0.013651176355779171 -8.3809232711792 -3.1120309829711914 0.09999999403953552 
789.3037457047809 297.9374084472656 0.01360743772238493 -8.401189804077148 -3.10113787651062 0.09999999403953552 
818.7753906532382 297.9859313964844 0.013514102436602116 -8.438919067382812 -3.0848147869110107 0.09999999403953552 
848.6006953410772 298.0350341796875 0.013419653289020061 -8.47710132598877 -3.068296194076538 0.09999999403953552 
878.7839036851701 298.09136962890625 0.013307222165167332 -8.52026653289795 -3.0484745502471924 0.09999999403953552 
909.3293105293922 298.1712646484375 0.013135268352925777 -8.579533576965332 -3.0180344581604004 0.09999999403953552 
940.2412622557449 298.252197265625 0.012961254455149174 -8.639508247375488 -2.9872283935546875 0.09999999403953552 
971.5241574028139 298.3465881347656 0.012770742177963257 -8.703211784362793 -2.952115774154663 0.09999999403953552 
1003.1824472916476 298.4916076660156 0.012520781718194485 -8.779203414916992 -2.902024030685425 0.09999999403953552 
1035.2206366591474 298.6385803222656 0.012267817743122578 -8.85610580444336 -2.8513317108154297 0.09999999403953552 
1067.643284299057 298.7906799316406 0.012009389698505402 -8.935796737670898 -2.7986788749694824 0.09999999403953552 
1100.455003710646 298.99444580078125 0.011711426079273224 -9.045416831970215 -2.7251319885253906 0.09999999403953552 
1133.6604637551736 299.2008972167969 0.011409889906644821 -9.156352996826172 -2.650702714920044 0.09999999403953552 
1167.2643893202358 299.4101867675781 0.011104733683168888 -9.268620491027832 -2.575380325317383 0.09999999403953552 
1201.2715619920784 299.5840759277344 0.010882362723350525 -9.38378620147705 -2.513237953186035 0.09999999403953552 
1235.6868207359835 299.75030517578125 0.010680470615625381 -9.500869750976562 -2.453826904296875 0.09999999403953552 
1270.515062584815 299.91876220703125 0.010476158000528812 -9.619361877441406 -2.3937032222747803 0.09999999403953552 
1305.7612433358331 300.1226501464844 0.010208610445261002 -9.764104843139648 -2.3338370323181152 0.09999999403953552 
1341.4303782558632 300.3772888183594 0.009850178845226765 -9.945592880249023 -2.2765040397644043 0.09999999403953552 
1377.5275427949334 300.6354675292969 0.009487447328865528 -10.12926197052002 -2.2184829711914062 0.09999999403953552 
1414.0578733084726 300.8971862792969 0.009120362810790539 -10.315133094787598 -2.1597657203674316 0.09999999403953552 
1451.0265677881744 301.2176208496094 0.00865235086530447 -10.46540355682373 -2.1821064949035645 0.09999999403953552 
1488.4388866016325 301.5479431152344 0.008169149979948997 -10.610973358154297 -2.2152884006500244 0.09999999403953552 
1526.300153240852 301.8827819824219 0.007680149748921394 -10.758289337158203 -2.248868942260742 0.09999999403953552 
1564.615755079742 302.2124938964844 0.00721120648086071 -10.852664947509766 -2.3074791431427 0.09999999403953552 
1603.391144140699 302.52215576171875 0.006802063435316086 -10.791285514831543 -2.435357093811035 0.09999999403953552 
1642.6318378703872 302.8361511230469 0.006388011854141951 -10.729171752929688 -2.5647695064544678 0.09999999403953552 
1682.343419924832 303.1545715332031 0.0059689912013709545 -10.666308403015137 -2.695735216140747 0.09999999403953552 
1722.53154096393 303.46124267578125 0.005588824395090342 -10.576837539672852 -2.8094847202301025 0.09999999403953552 
1763.201919455497 303.7574462890625 0.005246192682534456 -10.460199356079102 -2.905414581298828 0.09999999403953552 
1804.360342488963 304.0578308105469 0.004899449646472931 -10.342162132263184 -3.002495288848877 0.09999999403953552 
1846.0126665988305 304.36236572265625 0.004548546392470598 -10.222710609436035 -3.100740671157837 0.09999999403953552 
1888.1648185980166 304.6777648925781 0.00422264076769352 -10.103256225585938 -3.1542651653289795 0.09999999403953552 
1930.8227964211928 305.0014953613281 0.003910773899406195 -9.983752250671387 -3.180877447128296 0.09999999403953552 
1973.9926699782472 305.3297424316406 0.003595164278522134 -9.862812995910645 -3.2078096866607666 0.09999999403953552 
2017.6805820179861 305.6626281738281 0.003275766968727112 -9.740421295166016 -3.23506498336792 0.09999999403953552 
2061.892749002202 306.0047302246094 0.0029639967251569033 -9.565596580505371 -3.2055747509002686 0.09999999403953552 
2106.6354619902286 306.3520202636719 0.002656916854903102 -9.365665435791016 -3.1490840911865234 0.09999999403953552 
2151.915087534111 306.70428466796875 0.002346151741221547 -9.16333293914795 -3.091914415359497 0.09999999403953552 
2197.738068584521 307.06158447265625 0.002031657611951232 -8.958576202392578 -3.034059524536133 0.09999999403953552 
2244.110925407535 307.3975524902344 0.001802914310246706 -8.721392631530762 -2.9549570083618164 0.09999999403953552 
2291.040256512425 307.7225646972656 0.0016199579695239663 -8.467424392700195 -2.864832878112793 0.09999999403953552 
2338.5327395905742 308.0522155761719 0.0014348062686622143 -8.210404396057129 -2.773627519607544 0.09999999403953552 
2386.595132465661 308.3865661621094 0.001247432897798717 -7.950303077697754 -2.6813271045684814 0.09999999403953552 
2435.2342740552494 308.6814880371094 0.0011456814827397466 -7.680413246154785 -2.6181554794311523 0.09999999403953552 
2484.4570853439122 308.9476013183594 0.001105818315409124 -7.402378082275391 -2.5762791633605957 0.09999999403953552 
2534.2705703680394 309.2174987792969 0.0010654769139364362 -7.121006965637207 -2.533900260925293 0.09999999403953552 
2584.681817212456 309.4912109375 0.0010246516903862357 -6.836259365081787 -2.491013288497925 0.09999999403953552 
2635.697999019005 309.7460021972656 0.000997465685941279 -6.558079719543457 -2.46880841255188 0.09999999403953552 
2687.326375007233 309.9761657714844 0.000987082370556891 -6.289397716522217 -2.471794605255127 0.09999999403953552 
2739.5742915073197 310.2095642089844 0.0009765740251168609 -6.017491817474365 -2.4748167991638184 0.09999999403953552 
2792.4491830054076 310.4463195800781 0.0009659397765062749 -5.742321968078613 -2.4778754711151123 0.09999999403953552 
2845.958573201473 310.67724609375 0.0009545338689349592 -5.477245807647705 -2.4657514095306396 0.09999999403953552 
2900.1100760798904 310.8902893066406 0.0009424766176380217 -5.2422099113464355 -2.4150032997131348 0.09999999403953552 
2954.9113969928494 311.1062927246094 0.0009302746620960534 -5.004354000091553 -2.3636457920074463 0.09999999403953552 
3010.3703337567636 311.3253173828125 0.0009179262560792267 -4.76364278793335 -2.3116726875305176 0.09999999403953552 
3066.4947777618445 311.545166015625 0.0009059430449269712 -4.528167724609375 -2.24489164352417 0.09999999403953552 
3123.2927150949868 311.75537109375 0.0008970881463028491 -4.344748020172119 -2.07563853263855 0.09999999403953552 
3180.772227676127 311.9684753417969 0.0008881270769052207 -4.1591267585754395 -1.904354453086853 0.09999999403953552 
3238.94149440824 312.1845397949219 0.0008790583815425634 -3.9712777137756348 -1.7310147285461426 0.09999999403953552 
3297.808792341139 312.4037170410156 0.0008698807214386761 -3.781175136566162 -1.555594801902771 0.09999999403953552 
3357.3824978492325 312.6262512207031 0.0008621976594440639 -3.6544885635375977 -1.308807373046875 0.09999999403953552 
3417.6710878234235 312.8521423339844 0.0008545388118363917 -3.529242992401123 -1.055202603340149 0.09999999403953552 
3478.683140877304 313.0811767578125 0.0008467878797091544 -3.402494192123413 -0.7985544800758362 0.09999999403953552 
3540.427338567832 313.3135070800781 0.000838944164570421 -3.2742247581481934 -0.5388267040252686 0.09999999403953552 
3602.912466630646 313.5519104003906 0.0008338351617567241 -3.194809675216675 -0.3121097981929779 0.09999999403953552 
3666.147416230214 313.7944641113281 0.000829413824249059 -3.1278204917907715 -0.09232663363218307 0.09999999403953552 
3730.1411852249767 314.0404052734375 0.0008249396341852844 -3.0600290298461914 0.13009396195411682 0.09999999403953552 
3794.9028794476762 314.2899169921875 0.0008204116020351648 -2.9914228916168213 0.35518360137939453 0.09999999403953552 
3860.4417140010487 314.5517578125 0.0008159463759511709 -2.897798538208008 0.44783979654312134 0.09999999403953552 
3926.7670145690613 314.822509765625 0.0008114672382362187 -2.7884790897369385 0.46191900968551636 0.09999999403953552 
3993.8882187438903 315.09722900390625 0.0008069343748502433 -2.677846908569336 0.4761671721935272 0.09999999403953552 
4061.8148773688167 315.3759765625 0.0008023472619242966 -2.565887928009033 0.49058637022972107 0.09999999403953552 
4130.556655897242 315.6789855957031 0.000791386526543647 -2.405888557434082 0.38625434041023254 0.09999999403953552 
4200.1233357680085 316.0079650878906 0.0007736583356745541 -2.1949856281280518 0.15559636056423187 0.09999999403953552 
4270.5248157972255 316.34185791015625 0.0007557172793895006 -1.981550931930542 -0.07782935351133347 0.09999999403953552 
4341.771113586792 316.6808776855469 0.000737561087589711 -1.7655558586120605 -0.3140561878681183 0.09999999403953552 
4413.872366949834 317.03765869140625 0.0007148848380893469 -1.5475701093673706 -0.5743000507354736 0.09999999403953552 
4486.838835353232 317.4231262207031 0.0006842298898845911 -1.3281800746917725 -0.8759512901306152 0.09999999403953552 
4560.680901377471 317.8146057128906 0.0006532071274705231 -1.1061574220657349 -1.1812224388122559 0.09999999403953552 
4635.409072194001 318.2120361328125 0.0006218121270649135 -0.8814708590507507 -1.490156650543213 0.09999999403953552 
4711.033981060329 318.6081848144531 0.0005897204973734915 -0.6604272723197937 -1.7799549102783203 0.09999999403953552 
4787.566388833053 318.9849853515625 0.0005564717575907707 -0.4570618271827698 -1.999603509902954 0.09999999403953552 
4865.017185499049 319.3676452636719 0.0005228240042924881 -0.25125598907470703 -2.2218875885009766 0.09999999403953552 
4943.397391725038 319.7562255859375 0.0004887724644504488 -0.042980484664440155 -2.4468390941619873 0.09999999403953552 
5022.7181604257385 320.1353759765625 0.00045734629384242 0.16919508576393127 -2.6521944999694824 0.09999999403953552 
5102.990778350848 320.42022705078125 0.00044488615822046995 0.396494597196579 -2.7153842449188232 0.09999999403953552 
5184.226667691058 320.7092590332031 0.0004322764871176332 0.6265217065811157 -2.779332399368286 0.09999999403953552 
5266.43738770335 321.0025329589844 0.00041951550520025194 0.8593092560768127 -2.844047784805298 0.09999999403953552 
5349.6346363557905 321.29547119140625 0.00040751960477791727 1.0975133180618286 -2.915908098220825 0.09999999403953552 
5433.83025199206 321.5096740722656 0.00041118008084595203 1.3885366916656494 -3.1035666465759277 0.09999999403953552 
5519.036215015964 321.7267150878906 0.0004148844163864851 1.6830521821975708 -3.293476104736328 0.09999999403953552 
5605.264649596156 321.9466247558594 0.0004186333389952779 1.9811022281646729 -3.4856650829315186 0.09999999403953552 
5692.527825391309 322.1712951660156 0.00042192768887616694 2.28009033203125 -3.6809449195861816 0.09999999403953552 
5780.838159296006 322.5085754394531 0.00040088617242872715 2.4831693172454834 -4.009657382965088 0.09999999403953552 
5870.208217207559 322.8515625 0.00037955291918478906 2.6895816326141357 -4.344356060028076 0.09999999403953552 
5960.650715814049 323.1997375488281 0.00035796381416730583 2.8984711170196533 -4.683070182800293 0.09999999403953552 
6052.178524403818 323.5537109375 0.0003360904229339212 3.1091294288635254 -5.02565860748291 0.09999999403953552 
6144.804666696664 324.0859680175781 0.0002945078012999147 2.896529197692871 -5.2843523025512695 0.09999999403953552 
6238.542322697023 324.63323974609375 0.00025140107027255 2.6683762073516846 -5.542294502258301 0.09999999403953552 
6333.404830569388 325.1895446777344 0.0002077770623145625 2.4374852180480957 -5.8033318519592285 0.09999999403953552 
6429.405688536221 325.7550048828125 0.00016367009084206074 2.203805446624756 -6.0675859451293945 0.09999999403953552 
6526.558556798655 326.23577880859375 0.00014438654761761427 1.7016466856002808 -6.426364421844482 0.09999999403953552 
6624.877259480239 326.7220153808594 0.00012564899225253612 1.1759440898895264 -6.793924331665039 0.09999999403953552 
6724.375786594002 327.2162780761719 0.00010668658796930686 0.6439334154129028 -7.165896415710449 0.09999999403953552 
6825.0682960331305 327.7185363769531 8.749715198064223e-05 0.10575611144304276 -7.542391777038574 0.09999999403953552 
6926.969115585529 328.0455627441406 8.893552148947492e-05 -0.07081960141658783 -8.10091495513916 0.09999999403953552 
7030.092744972555 328.3681945800781 9.151329868473113e-05 -0.22799929976463318 -8.677343368530273 0.09999999403953552 
7134.453857912225 328.6954345703125 9.412199869984761e-05 -0.38706517219543457 -9.260688781738281 0.09999999403953552 
7240.067304207173 329.0274963378906 9.67470186878927e-05 -0.5474128723144531 -9.850541114807129 0.09999999403953552 
7346.94811185766 329.324951171875 9.680408402346075e-05 -0.2725939154624939 -10.409032821655273 0.09999999403953552 
7455.111489199951 329.625244140625 9.677807247499004e-05 0.023001059889793396 -10.971941947937012 0.09999999403953552 
7564.572827070351 329.9296875 9.675175533629954e-05 0.32214319705963135 -11.541608810424805 0.09999999403953552 
7675.347700995197 330.2393493652344 9.664922254160047e-05 0.6293237805366516 -12.116289138793945 0.09999999403953552 
7787.451873407139 330.6257019042969 9.135352593148127e-05 1.171917200088501 -12.556111335754395 0.09999999403953552 
7900.901295888024 331.0190734863281 8.593351958552375e-05 1.723472237586975 -12.99779224395752 0.09999999403953552 
8015.71211143868 331.4184875488281 8.044846617849544e-05 2.281646251678467 -13.444774627685547 0.09999999403953552 
8131.900656775944 331.8304748535156 7.478178304154426e-05 2.8657267093658447 -13.898988723754883 0.09999999403953552 
8249.483464657256 332.3313903808594 6.836732063675299e-05 3.731144428253174 -14.325371742248535 0.09999999403953552 
